61
221
225
5
14
59
53
43
44
47
48
49
55
50
57
51
19
99
100
103
106
105
108
109
111
113
114
115
131
147
150
148
151
163
165
183
185
203
204
206
213
216
217
215
371
372
431
429
448
449
443
492
663
661
681
493
536
531
532
537
648
646
649
652
654
655
653
657
659
981
751
756
707
717
760
718
715
719
710
814
788
789
790
797
798
809
858
862
867
911
936
935
985
988
994
1059
1060
1061
1066
1064
1073
1069
1100
1087
1088
1108
1752
1763
1771
1349
1437
1321
1323
1324
1375
1414
1661
1453
1555
1344
1343
2020
3117
3118
3111
3067
3054
3051
3071
2022
2215
2023
2042
2280
2304
2303
2305
2412
2413
2395
2369
2370
2447
2545
2551
2552
2451
2452
2469
2535
2556
2643
2727
2750
2941
2966
2732
2767
2968
2977
2970
2976
2978
2981
2994
3010
3012
3046
3031
3032
3039
3041
3011
3049
3088
3077
3087
3008
3074
3076
3086
3002
3099
3100
3109
3115
3115
3111
3117
3118
3120
3122
3125
3127
3121
3823
3840
3845
3871
3990
4011
3816
3158
3462
3802
3779
3799
3796
3803
4153
4156
4161
4163
4164
4193
4195
4195
4327
4239
4261
4262
4266
4267
4284
4285
4287
4294
4303
4330
4341
4342
4047
4062
4123
4139
4124
4171
4174
4175
4177
4129
4127
4128
4135
4173
4176
4382
4507
4395
4350
4354
4361
4429
4442
4445
4991
4993
4993
4776
4777
4782
4783
4786
4788
4794
4784
4787
4795
4980
4981
4763
4760
4761
4768
5118
5142
5251
5148
5210
5211
5213
5239
4918
5218
5219
5220
5230
4919
4969
5247
5292
5293
5302
5310
5307
5300
5304
5323
5332
5330
5329
5344
5336
5822
5823
5825
5826
5832
5624
5348
5474
5475
5844
5878
5883
5886
5884
5917
5845
6051
6034
6101
6006
6009
6026
6061
6112
6113
6114
6126
6120
6140
6157
6293
6294
6338
6339
6319
6322
6324
6325
6296
6299
6312
6313
6426
6382
6429
6434
6461
6530
6441
6442
6449
6545
6538
6456
6595
6598
6716
6720
6722
6702
6611
6662
6689
6613
6616
6617
6731
6734
6773
6778
6772
6817
6851
6865
6865
6866
6868
6870
6871
6819
6850
6873
6876
6877
6926
6916
7120
7463
7471